1,211,222,628,271,0
2,211,221,628,271,0
3,212,221,628,271,0
4,213,221,628,271,0
5,214,220,628,271,0
6,215,220,628,271,0
7,216,220,628,271,0
8,217,219,628,271,0
9,218,219,628,271,0
10,219,219,628,271,0
11,220,219,628,271,0
12,219,219,628,271,0
13,219,219,628,271,0
14,218,219,628,271,0
15,218,219,628,271,0
16,217,220,628,271,0
17,217,220,628,271,0
18,216,220,628,271,0
19,216,220,628,271,0
20,215,220,628,271,0
21,215,221,628,271,0
22,215,218,630,273,0
23,216,216,632,275,0
24,217,214,634,276,0
25,218,212,636,278,0
26,219,209,638,280,0
27,220,207,640,282,0
28,221,205,641,283,0
29,222,203,643,285,0
30,223,200,645,287,0
31,224,198,647,289,0
32,224,196,650,290,0
33,225,194,652,292,0
34,226,191,654,294,0
35,227,189,655,296,0
36,228,187,657,297,0
37,229,185,659,299,0
38,230,182,661,301,0
39,231,180,663,303,0
40,232,178,665,304,0
41,233,176,667,306,0
42,234,175,669,307,0
43,236,175,670,308,0
44,238,175,671,309,0
45,240,175,672,310,0
46,242,175,674,311,0
47,244,174,675,312,0
48,246,174,676,313,0
49,248,174,677,314,0
50,250,174,678,315,0
51,252,174,680,316,0
52,254,173,681,317,0
53,256,173,682,318,0
54,258,173,683,319,0
55,260,173,684,320,0
56,262,173,686,321,0
57,264,172,687,322,0
58,266,172,688,323,0
59,268,172,689,324,0
60,270,172,690,325,0
61,272,172,692,326,0
62,272,173,692,325,0
63,272,174,693,325,0
64,272,175,693,325,0
65,272,176,694,325,0
66,272,177,695,325,0
67,272,178,695,325,0
68,272,179,696,325,0
69,272,180,696,325,0
70,272,181,697,325,0
71,272,182,698,325,0
72,272,183,698,324,0
73,272,184,699,324,0
74,272,185,699,324,0
75,272,186,700,324,0
76,272,187,701,324,0
77,272,188,701,324,0
78,272,189,702,324,0
79,272,190,702,324,0
80,272,191,703,324,0
81,273,192,703,324,0
82,272,191,705,325,0
83,272,191,706,325,0
84,271,191,708,325,0
85,271,190,709,326,0
86,270,190,711,326,0
87,270,190,712,326,0
88,269,190,714,326,0
89,269,189,715,327,0
90,269,189,716,327,0
91,268,189,718,327,0
92,268,189,719,327,0
93,267,188,721,328,0
94,267,188,722,328,0
95,266,188,724,328,0
96,266,188,725,329,0
97,266,187,726,330,0
98,265,187,728,330,0
99,265,187,729,330,0
100,264,186,731,331,0
101,264,186,732,331,0
102,263,186,734,331,0
103,263,186,735,331,0
104,263,185,736,332,0
105,262,185,738,332,0
106,262,185,739,332,0
107,261,185,741,332,0
108,261,184,742,333,0
109,260,184,744,333,0
110,260,184,745,333,0
111,260,184,747,334,0
112,259,183,747,334,0
113,258,182,747,335,0
114,258,181,746,335,0
115,257,180,746,336,0
116,257,180,746,335,0
117,256,179,746,336,0
118,255,178,746,336,0
119,255,177,745,337,0
120,254,176,746,337,0
121,254,176,745,337,0
122,253,175,745,337,0
123,252,174,745,338,0
124,252,173,744,338,0
125,251,172,745,339,0
126,251,172,744,338,0
127,250,171,744,339,0
128,249,170,744,339,0
129,249,169,744,340,0
130,248,168,744,340,0
131,248,168,743,340,0
132,247,167,743,340,0
133,246,166,743,341,0
134,246,165,743,341,0
135,245,164,743,342,0
136,245,164,742,341,0
137,244,163,742,342,0
138,243,162,743,342,0
139,243,161,742,343,0
140,242,160,742,343,0
141,242,160,741,343,0
142,241,159,741,343,0
143,240,158,742,344,0
144,240,157,741,344,0
145,239,156,741,345,0
146,239,156,740,344,0
147,238,155,741,345,0
148,237,154,741,345,0
149,237,153,740,346,0
150,236,152,740,346,0
151,236,152,740,346,0
152,235,152,740,346,0
153,234,152,740,346,0
154,233,152,740,346,0
155,232,152,740,347,0
156,231,152,740,347,0
157,230,152,740,347,0
158,229,153,740,346,0
159,228,153,740,347,0
160,227,153,740,347,0
161,227,153,739,347,0
162,226,153,739,348,0
163,225,153,739,348,0
164,224,153,739,348,0
165,223,154,740,347,0
166,222,154,740,348,0
167,221,154,740,348,0
168,220,154,740,348,0
169,219,154,740,348,0
170,218,154,740,349,0
171,218,155,739,348,0
172,217,155,739,348,0
173,216,155,739,349,0
174,215,155,739,349,0
175,214,155,739,349,0
176,213,155,739,349,0
177,212,155,739,350,0
178,211,156,740,349,0
179,210,156,740,349,0
180,209,156,740,349,0
181,209,156,739,350,0
182,208,156,739,350,0
183,207,156,739,350,0
184,206,156,739,351,0
185,205,157,739,350,0
186,204,157,739,350,0
187,203,157,739,350,0
188,202,157,739,351,0
189,201,157,739,351,0
190,200,157,739,351,0
191,200,158,739,351,0
192,200,158,740,351,0
193,201,158,741,351,0
194,202,158,742,351,0
195,203,158,742,351,0
196,204,158,743,351,0
197,205,158,744,351,0
198,206,158,744,351,0
199,207,158,745,351,0
200,207,158,747,351,0
201,208,158,747,351,0
202,209,158,748,351,0
203,210,158,749,351,0
204,211,158,749,351,0
205,212,158,750,351,0
206,213,158,751,351,0
207,214,158,751,351,0
208,214,158,753,351,0
209,215,158,754,351,0
210,216,158,754,351,0
211,217,158,755,351,0
212,218,158,756,351,0
213,219,158,756,351,0
214,220,158,757,351,0
215,221,158,758,351,0
216,222,158,759,351,0
217,222,158,760,351,0
218,223,158,761,351,0
219,224,158,762,351,0
220,225,158,762,351,0
221,226,158,763,351,0
222,227,158,764,351,0
223,228,158,764,351,0
224,229,158,765,351,0
225,229,158,767,351,0
226,230,158,767,351,0
227,231,158,768,351,0
228,232,158,769,351,0
229,233,158,769,351,0
230,234,158,770,351,0
231,235,158,771,351,0
232,236,158,771,351,0
233,236,158,773,351,0
234,237,158,774,351,0
235,238,158,774,351,0
236,239,158,775,351,0
237,240,158,776,351,0
238,241,158,776,351,0
239,242,158,777,351,0
240,243,158,778,351,0
241,244,159,779,351,0
242,245,158,780,352,0
243,246,158,781,352,0
244,247,158,783,352,0
245,248,158,784,352,0
246,249,158,786,352,0
247,250,157,787,353,0
248,251,157,788,353,0
249,252,157,790,353,0
250,253,157,791,353,0
251,254,157,793,353,0
252,255,156,794,354,0
253,256,156,796,354,0
254,257,156,797,354,0
255,258,156,798,354,0
256,259,156,800,354,0
257,260,155,801,355,0
258,261,155,803,355,0
259,262,155,804,355,0
260,263,155,806,355,0
261,265,155,806,355,0
262,266,154,807,356,0
263,267,154,809,356,0
264,268,154,810,356,0
265,269,154,812,356,0
266,270,154,813,356,0
267,271,153,815,357,0
268,272,153,816,357,0
269,273,153,817,357,0
270,274,153,819,357,0
271,275,153,820,357,0
272,276,152,822,358,0
273,277,152,823,358,0
274,278,152,825,358,0
275,279,152,826,358,0
276,280,152,827,358,0
277,281,151,829,359,0
278,282,151,830,359,0
279,283,151,832,359,0
280,284,151,833,359,0
281,286,151,834,359,0
282,284,150,835,360,0
283,283,150,836,360,0
284,281,150,838,360,0
285,280,150,839,360,0
286,278,150,841,360,0
287,277,150,842,360,0
288,275,150,844,360,0
289,274,150,845,360,0
290,272,150,846,360,0
291,271,150,847,361,0
292,270,149,848,362,0
293,268,149,850,362,0
294,267,149,851,362,0
295,265,149,853,362,0
296,264,149,854,362,0
297,262,149,856,362,0
298,261,149,856,362,0
299,259,149,858,362,0
300,258,149,859,362,0
301,257,149,860,363,0
302,255,148,862,364,0
303,254,148,863,364,0
304,252,148,865,364,0
305,251,148,866,364,0
306,249,148,867,364,0
307,248,148,868,364,0
308,246,148,870,364,0
309,245,148,871,364,0
310,243,148,873,364,0
311,242,148,874,365,0
312,241,147,875,366,0
313,239,147,877,366,0
314,238,147,877,366,0
315,236,147,879,366,0
316,235,147,880,366,0
317,233,147,882,366,0
318,232,147,883,366,0
319,230,147,885,366,0
320,229,147,886,366,0
321,228,147,887,367,0
322,229,147,887,367,0
323,230,148,888,367,0
324,231,149,888,367,0
325,232,150,889,367,0
326,233,151,890,367,0
327,234,152,890,367,0
328,235,153,891,366,0
329,236,153,891,367,0
330,237,154,892,367,0
331,238,155,893,367,0
332,239,156,893,367,0
333,240,157,894,367,0
334,241,158,894,366,0
335,242,159,895,366,0
336,244,160,895,366,0
337,245,160,895,367,0
338,246,161,896,367,0
339,247,162,896,367,0
340,248,163,897,366,0
341,249,164,898,366,0
342,250,165,898,366,0
343,251,166,899,366,0
344,252,166,899,367,0
345,253,167,900,367,0
346,254,168,901,366,0
347,255,169,901,366,0
348,256,170,902,366,0
349,257,171,902,366,0
350,258,172,903,366,0
351,260,173,903,366,0
352,261,173,903,366,0
353,263,174,903,366,0
354,265,174,902,366,0
355,267,175,902,366,0
356,269,175,902,366,0
357,271,176,901,366,0
358,272,176,902,366,0
359,274,177,901,366,0
360,276,177,901,366,0
361,278,178,901,366,0
362,280,178,900,366,0
363,282,179,900,366,0
364,284,179,899,366,0
365,285,180,900,366,0
366,287,180,900,366,0
367,289,181,899,366,0
368,291,181,899,366,0
369,293,182,898,366,0
370,295,182,898,366,0
371,297,183,898,366,0
372,294,181,898,367,0
373,291,179,899,368,0
374,288,178,899,369,0
375,285,176,900,370,0
376,282,175,900,371,0
377,279,173,901,372,0
378,276,172,901,373,0
379,273,170,902,374,0
380,270,169,902,374,0
381,267,167,903,376,0
382,264,166,903,376,0
383,261,164,904,378,0
384,258,163,904,378,0
385,255,161,905,380,0
386,252,160,906,380,0
387,249,158,906,381,0
388,246,156,907,383,0
389,243,155,907,383,0
390,240,153,908,385,0
391,237,152,908,385,0
392,234,150,909,387,0
393,231,149,909,387,0
394,228,147,910,388,0
395,225,146,910,389,0
396,222,144,911,390,0
397,219,143,911,391,0
398,216,141,912,392,0
399,213,140,912,393,0
400,210,138,913,394,0
401,207,137,914,395,0
402,207,136,911,395,0
403,208,136,908,395,0
404,209,136,905,394,0
405,209,136,903,394,0
406,210,136,900,394,0
407,211,136,897,393,0
408,211,136,895,393,0
409,212,136,892,392,0
410,213,136,889,392,0
411,214,136,886,392,0
412,214,136,886,392,0
413,214,137,886,391,0
414,214,137,886,391,0
415,214,138,886,390,0
416,214,138,886,390,0
417,214,139,886,389,0
418,214,139,886,389,0
419,214,140,886,388,0
420,214,140,886,388,0
421,214,141,886,388,0
422,214,140,886,388,0
423,215,140,886,388,0
424,216,139,886,388,0
425,216,139,886,388,0
426,217,139,886,387,0
427,218,138,886,388,0
428,218,138,886,388,0
429,219,137,886,388,0
430,220,137,886,388,0
431,221,137,886,387,0
432,221,136,886,388,0
433,222,136,886,387,0
434,223,135,886,388,0
435,223,135,886,388,0
436,224,135,886,387,0
437,225,134,886,388,0
438,225,134,886,387,0
439,226,133,886,388,0
440,227,133,886,387,0
441,228,133,886,387,0
442,228,132,886,388,0
443,229,132,886,387,0
444,230,131,886,388,0
445,230,131,886,387,0
446,231,131,886,387,0
447,232,130,886,387,0
448,232,130,886,387,0
449,233,129,886,388,0
450,234,129,886,387,0
451,235,129,886,387,0
452,235,128,886,387,0
453,236,128,886,387,0
454,237,127,886,387,0
455,237,127,886,387,0
456,238,127,886,387,0
457,239,126,886,387,0
458,239,126,886,387,0
459,240,125,886,387,0
460,241,125,886,387,0
461,242,125,886,387,0
462,240,124,886,387,0
463,239,124,886,387,0
464,238,124,886,387,0
465,237,124,886,387,0
466,236,124,886,387,0
467,235,124,886,387,0
468,234,124,886,387,0
469,232,123,886,387,0
470,231,123,886,387,0
471,230,123,886,387,0
472,229,123,886,387,0
473,228,123,886,387,0
474,227,123,886,387,0
475,226,123,886,387,0
476,225,123,886,387,0
477,223,122,886,387,0
478,222,122,886,387,0
479,221,122,886,387,0
480,220,122,886,387,0
481,219,122,886,387,0
482,218,122,886,387,0
483,217,122,886,387,0
484,215,121,886,387,0
485,214,121,886,387,0
486,213,121,886,387,0
487,212,121,886,387,0
488,211,121,886,387,0
489,210,121,886,387,0
490,209,121,886,387,0
491,208,121,886,387,0
492,208,121,886,387,0
493,208,121,886,387,0
494,208,121,887,387,0
495,208,122,887,387,0
496,208,122,888,387,0
497,209,122,887,387,0
498,209,122,888,387,0
499,209,123,888,387,0
500,209,123,889,387,0
501,209,123,889,387,0
502,210,124,888,386,0
503,210,124,889,387,0
504,210,124,889,387,0
505,210,124,890,387,0
506,210,125,890,387,0
507,210,125,891,387,0
508,211,125,890,387,0
509,211,126,891,386,0
510,211,126,891,387,0
511,211,126,892,387,0
512,211,126,892,387,0
513,212,127,891,386,0
514,212,127,892,387,0
515,212,127,892,387,0
516,212,128,893,386,0
517,212,128,893,386,0
518,212,128,894,387,0
519,213,128,893,387,0
520,213,129,894,386,0
521,213,129,894,387,0
522,213,129,894,387,0
523,213,130,895,386,0
524,214,130,894,386,0
525,214,130,895,387,0
526,214,130,895,387,0
527,214,131,896,386,0
528,214,131,896,386,0
529,214,131,897,387,0
530,215,132,896,386,0
531,215,132,897,386,0
532,215,132,897,386,0
533,215,132,897,387,0
534,215,133,898,386,0
535,216,133,897,386,0
536,216,133,898,387,0
537,216,134,898,386,0
538,216,134,899,386,0
539,216,134,899,386,0
540,216,134,900,387,0
541,217,135,899,386,0
542,217,135,899,386,0
543,217,135,900,386,0
544,217,136,900,386,0
545,217,136,901,386,0
546,218,136,900,386,0
547,218,136,901,386,0
548,218,137,901,386,0
549,218,137,902,386,0
550,218,137,902,386,0
551,219,138,902,386,0
552,219,138,902,386,0
553,219,138,902,386,0
554,219,138,902,387,0
555,219,138,902,387,0
556,219,138,902,388,0
557,219,139,902,387,0
558,219,139,902,388,0
559,219,139,902,388,0
560,219,139,902,389,0
561,219,139,902,389,0
562,219,139,902,390,0
563,220,140,901,389,0
564,220,140,901,389,0
565,220,140,901,390,0
566,220,140,901,390,0
567,220,140,901,391,0
568,220,140,901,391,0
569,220,141,901,391,0
570,220,141,901,391,0
571,220,141,901,392,0
572,220,141,901,392,0
573,220,141,901,393,0
574,220,141,901,393,0
575,221,142,900,392,0
576,221,142,900,393,0
577,221,142,900,393,0
578,221,142,900,394,0
579,221,142,900,394,0
580,221,142,900,395,0
581,221,143,900,394,0
582,221,143,900,395,0
583,221,143,900,395,0
584,221,143,900,396,0
585,221,143,900,396,0
586,222,144,900,396,0
587,222,144,900,396,0
588,222,144,900,396,0
589,222,144,900,397,0
590,222,144,900,397,0
591,222,144,900,398,0
592,222,145,900,397,0
593,222,145,900,398,0
594,222,145,900,398,0
595,222,145,900,399,0
596,222,145,900,399,0
597,222,145,900,400,0
598,223,146,899,399,0
599,223,146,899,399,0
600,223,146,899,400,0