1,386,298,336,158,0
2,384,298,336,158,0
3,382,299,336,158,0
4,380,300,336,158,0
5,378,301,336,158,0
6,376,302,336,158,0
7,374,303,336,158,0
8,373,304,335,158,0
9,371,305,335,158,0
10,369,306,335,158,0
11,367,307,335,158,0
12,365,308,335,158,0
13,363,309,335,158,0
14,362,310,335,158,0
15,358,310,337,158,0
16,354,310,339,159,0
17,350,311,341,158,0
18,347,311,342,159,0
19,343,312,344,158,0
20,339,312,346,159,0
21,335,312,348,159,0
22,332,313,349,159,0
23,328,313,351,159,0
24,324,314,353,159,0
25,320,314,355,159,0
26,317,315,356,159,0
27,317,312,358,161,0
28,317,309,361,163,0
29,317,306,364,166,0
30,318,303,366,168,0
31,318,300,368,170,0
32,318,297,371,173,0
33,318,294,374,175,0
34,319,291,376,177,0
35,319,288,378,180,0
36,319,285,381,182,0
37,319,282,384,184,0
38,320,280,386,186,0
39,320,278,388,186,0
40,321,276,389,186,0
41,322,274,391,186,0
42,323,272,392,186,0
43,324,270,393,186,0
44,325,269,395,186,0
45,326,267,396,186,0
46,327,265,397,186,0
47,328,263,399,186,0
48,329,261,400,186,0
49,330,259,401,186,0
50,331,258,403,186,0
51,332,259,404,186,0
52,333,261,406,185,0
53,334,262,408,186,0
54,336,264,408,185,0
55,337,265,410,186,0
56,338,267,412,185,0
57,340,268,412,185,0
58,341,270,414,185,0
59,342,271,416,185,0
60,343,273,418,185,0
61,345,274,418,185,0
62,346,276,420,184,0
63,347,277,422,185,0
64,349,279,422,184,0
65,350,280,424,185,0
66,351,282,426,184,0
67,353,284,427,184,0
68,350,286,429,186,0
69,348,288,430,189,0
70,346,291,431,190,0
71,344,293,432,193,0
72,341,296,435,194,0
73,339,298,436,197,0
74,337,301,437,198,0
75,335,303,438,201,0
76,332,306,441,202,0
77,330,308,442,205,0
78,328,311,443,206,0
79,326,313,444,209,0
80,324,316,446,211,0
81,322,315,449,211,0
82,321,315,452,211,0
83,320,314,454,212,0
84,319,314,457,212,0
85,318,313,460,213,0
86,316,313,463,213,0
87,315,312,466,214,0
88,314,312,468,214,0
89,313,311,471,215,0
90,312,311,474,215,0
91,309,306,476,216,0
92,307,302,478,217,0
93,305,298,480,218,0
94,303,294,481,218,0
95,300,290,484,219,0
96,298,286,486,220,0
97,296,282,487,220,0
98,294,278,489,221,0
99,292,274,491,222,0
100,291,271,493,225,0
101,290,269,496,228,0
102,289,267,499,230,0
103,289,264,500,234,0
104,288,262,503,237,0
105,287,260,506,239,0
106,287,257,507,243,0
107,286,255,510,245,0
108,285,253,513,248,0
109,285,251,515,251,0
110,286,250,518,252,0
111,287,249,521,254,0
112,288,248,524,255,0
113,289,248,527,256,0
114,288,248,531,259,0
115,300,248,533,260,0
116,312,249,536,261,0
117,324,249,539,263,0
118,336,250,542,264,0
119,348,250,545,266,0
120,361,251,547,267,0
121,355,252,551,267,0
122,349,253,556,267,0
123,343,255,561,266,0
124,337,256,566,266,0
125,332,258,570,266,0
126,320,259,574,268,0
127,308,261,578,270,0
128,296,263,583,272,0
129,284,265,587,274,0
130,273,267,591,276,0
131,283,267,595,279,0
132,294,268,599,281,0
133,304,268,603,285,0
134,315,269,607,287,0
135,326,270,611,290,0
136,343,270,614,292,0
137,361,270,617,295,0
138,379,270,620,297,0
139,397,271,623,299,0
140,396,271,628,299,0
141,396,272,632,299,0
142,396,273,637,299,0
143,396,273,641,299,0
144,396,274,645,299,0
145,396,275,650,299,0
146,395,271,655,303,0
147,395,267,660,307,0
148,394,263,666,311,0
149,394,259,671,315,0
150,394,256,676,318,0
151,407,249,683,324,0
152,421,243,689,330,0
153,435,237,696,336,0
154,449,230,702,342,0
155,463,224,708,348,0
156,477,218,715,354,0
157,461,214,721,356,0
158,446,211,726,358,0
159,431,208,731,359,0
160,416,205,736,361,0
161,401,202,741,362,0
162,386,199,746,364,0
163,371,196,751,366,0
164,356,193,757,367,0
165,342,191,762,368,0
166,328,188,768,370,0
167,314,186,773,371,0
168,300,183,779,373,0
169,286,181,784,374,0
170,272,179,790,375,0
171,275,187,794,379,0
172,278,195,798,383,0
173,281,203,802,387,0
174,285,211,806,391,0
175,288,219,810,395,0
176,291,227,814,399,0
177,295,236,818,402,0
178,277,243,818,404,0
179,260,251,818,406,0
180,242,258,818,408,0
181,225,266,818,410,0
182,207,274,818,412,0
183,190,281,818,414,0
184,172,289,818,416,0
185,155,297,818,418,0
186,151,300,814,415,0
187,148,304,810,411,0
188,145,307,806,408,0
189,142,311,802,404,0
190,138,314,799,401,0
191,135,318,795,397,0
192,132,321,791,394,0
193,129,325,787,391,0
194,120,316,780,388,0
195,111,308,774,385,0
196,102,299,768,382,0
197,94,291,761,379,0
198,85,282,754,376,0
199,76,274,748,373,0
200,67,265,742,370,0
201,59,257,735,367,0
202,66,249,728,363,0
203,74,241,721,359,0
204,81,233,715,355,0
205,89,225,708,351,0
206,96,217,702,347,0
207,104,209,695,343,0
208,125,208,691,338,0
209,146,207,687,334,0
210,168,207,682,328,0
211,189,206,678,324,0
212,210,205,674,319,0
213,232,205,670,314,0
214,201,206,664,314,0
215,170,207,659,314,0
216,139,208,653,314,0
217,109,209,647,314,0
218,87,213,640,314,0
219,66,217,633,314,0
220,45,221,625,314,0
221,24,225,618,314,0
222,27,231,617,309,0
223,30,237,617,304,0
224,34,243,616,300,0
225,27,244,621,300,0
226,21,246,625,299,0
227,14,247,630,300,0
228,8,249,634,299,0
229,2,251,639,299,0
230,1,257,627,297,0
231,1,264,614,294,0
232,0,271,603,292,0
233,0,278,590,289,0
234,0,285,578,287,0
235,0,280,584,287,0
236,0,275,590,287,0
237,0,271,596,286,0
238,0,266,602,286,0
239,0,262,608,286,0
240,3,253,635,289,0
241,7,244,662,293,0
242,10,235,689,296,0
243,14,227,716,299,0
244,20,220,716,297,0
245,27,213,715,295,0
246,33,206,715,293,0
247,40,200,714,291,0
248,43,200,702,291,0
249,46,200,691,291,0
250,50,200,679,291,0
251,53,200,668,291,0
252,57,200,656,291,0
253,74,201,644,288,0
254,92,203,632,285,0
255,110,205,619,282,0
256,127,207,608,278,0
257,145,209,595,275,0
258,163,211,583,272,0
259,178,213,571,269,0
260,194,216,559,265,0
261,209,218,547,262,0
262,225,221,535,258,0
263,241,224,523,255,0
264,254,227,511,251,0
265,268,230,499,247,0
266,282,233,486,243,0
267,296,236,474,239,0
268,310,239,462,235,0
269,323,245,454,233,0
270,336,251,446,231,0
271,349,257,438,229,0
272,362,263,431,228,0
273,355,271,423,226,0
274,348,279,416,225,0
275,342,288,408,223,0
276,328,292,408,223,0
277,315,296,408,223,0
278,302,300,408,223,0
279,289,303,407,221,0
280,277,306,405,220,0
281,265,310,403,218,0
282,252,313,402,217,0
283,240,316,400,216,0
284,228,320,398,214,0
285,230,322,395,211,0
286,232,324,392,208,0
287,234,326,389,206,0
288,236,329,387,202,0
289,238,331,384,199,0
290,240,333,381,197,0
291,242,335,378,194,0
292,245,338,375,191,0
293,252,338,374,190,0
294,260,338,373,190,0
295,267,338,373,190,0
296,275,338,372,190,0
297,283,338,371,190,0
298,278,339,366,190,0
299,273,340,362,190,0
300,268,342,358,190,0
301,263,343,353,190,0
302,258,345,349,190,0
303,253,346,345,190,0
304,249,348,340,190,0
305,235,353,340,190,0
306,222,359,340,190,0
307,209,364,339,191,0
308,195,370,340,190,0
309,182,375,339,191,0
310,169,381,339,191,0
311,168,382,336,193,0
312,168,383,333,195,0
313,168,384,330,198,0
314,168,385,327,200,0
315,168,386,324,203,0
316,168,387,321,205,0
317,168,389,318,207,0
318,180,390,315,210,0
319,192,392,312,212,0
320,205,393,308,215,0
321,217,395,305,217,0
322,229,396,302,220,0
323,242,398,299,222,0
324,248,396,295,224,0
325,254,395,291,225,0
326,261,394,287,226,0
327,267,392,283,228,0
328,274,391,279,229,0
329,280,390,275,230,0
330,287,389,271,231,0
331,278,387,271,231,0
332,270,385,271,231,0
333,262,383,271,231,0
334,254,381,271,231,0
335,245,379,271,231,0
336,237,377,271,231,0
337,229,375,271,231,0
338,221,373,271,231,0
339,221,369,267,233,0
340,221,366,264,234,0
341,222,363,260,235,0
342,222,359,257,237,0
343,222,356,254,238,0
344,223,353,250,239,0
345,226,348,249,239,0
346,230,344,247,239,0
347,234,340,245,239,0
348,238,336,243,239,0
349,242,332,241,238,0
350,246,328,239,238,0
351,250,324,237,238,0
352,254,320,235,238,0
353,255,320,235,238,0
354,256,321,235,238,0
355,257,322,235,238,0
356,258,323,235,238,0
357,259,324,235,238,0
358,260,325,235,238,0
359,261,326,235,238,0
360,262,327,235,238,0
361,261,334,235,238,0
362,260,342,235,238,0
363,259,349,235,238,0
364,258,357,235,238,0
365,257,364,235,238,0
366,256,372,235,238,0
367,255,379,235,238,0
368,254,387,235,238,0
369,252,388,235,238,0
370,250,390,235,238,0
371,248,392,235,238,0
372,246,394,235,238,0
373,244,396,235,238,0
374,242,398,235,238,0
375,240,400,235,238,0
376,238,402,235,238,0
377,235,404,235,238,0
378,233,406,235,238,0
379,231,408,235,238,0
380,229,410,235,238,0
381,226,412,235,238,0
382,224,414,235,238,0
383,222,416,235,238,0
384,220,418,235,238,0
385,218,420,235,238,0
386,220,415,232,238,0
387,222,411,229,237,0
388,224,406,226,237,0
389,226,402,223,237,0
390,228,397,220,237,0
391,230,393,217,236,0
392,232,389,215,236,0
393,232,384,215,236,0
394,233,380,215,236,0
395,234,376,215,235,0
396,235,372,215,235,0
397,236,367,215,236,0
398,237,363,215,235,0
399,238,359,215,235,0
400,239,355,215,235,0
401,240,348,215,235,0
402,241,342,215,235,0
403,242,336,215,235,0
404,244,329,215,235,0
405,245,323,215,235,0
406,246,317,215,235,0
407,248,311,215,235,0
408,251,311,215,235,0
409,254,311,215,235,0
410,257,311,215,235,0
411,261,311,215,235,0
412,264,311,215,235,0
413,267,311,215,235,0
414,270,311,215,235,0
415,274,311,215,235,0
416,275,314,215,235,0
417,276,317,215,235,0
418,277,320,215,235,0
419,279,323,215,235,0
420,280,326,215,235,0
421,281,329,215,235,0
422,283,332,215,235,0
423,284,335,215,235,0
424,285,338,215,235,0
425,287,342,215,235,0
426,282,343,215,235,0
427,278,345,215,235,0
428,273,346,215,235,0
429,269,348,215,235,0
430,264,350,215,235,0
431,260,351,215,235,0
432,255,353,215,235,0
433,251,355,215,235,0
434,248,355,215,235,0
435,246,355,215,235,0
436,243,356,215,235,0
437,241,356,215,235,0
438,239,357,215,235,0
439,236,357,215,235,0
440,234,357,215,235,0
441,231,358,215,235,0
442,229,358,215,235,0
443,227,359,215,235,0
444,232,350,215,235,0
445,238,341,215,235,0
446,243,332,215,235,0
447,249,323,215,235,0
448,254,314,215,235,0
449,260,305,215,235,0
450,265,296,215,235,0
451,271,287,215,235,0
452,274,279,214,233,0
453,278,271,212,231,0
454,282,263,210,229,0
455,286,256,209,226,0
456,290,248,207,224,0
457,294,240,205,222,0
458,298,232,203,220,0
459,302,225,202,218,0
460,300,218,202,217,0
461,298,211,202,216,0
462,297,204,202,216,0
463,295,197,202,215,0
464,294,190,202,215,0
465,292,183,202,214,0
466,291,176,202,214,0
467,294,177,201,212,0
468,298,178,199,211,0
469,302,179,198,210,0
470,305,180,197,209,0
471,309,181,195,207,0
472,313,182,194,206,0
473,316,183,193,205,0
474,320,184,191,204,0
475,324,186,190,202,0
476,330,187,190,202,0
477,337,188,190,202,0
478,343,190,190,202,0
479,350,191,190,202,0
480,356,192,190,202,0
481,363,194,190,202,0
482,369,195,190,202,0
483,376,197,190,202,0
484,386,199,191,200,0
485,397,201,191,199,0
486,408,204,191,197,0
487,419,206,191,196,0
488,430,208,191,195,0
489,441,211,191,193,0
490,452,213,191,192,0
491,463,216,191,190,0
492,465,219,189,189,0
493,467,222,188,189,0
494,469,225,187,189,0
495,472,228,185,189,0
496,474,231,184,188,0
497,476,234,183,188,0
498,478,237,182,188,0
499,481,240,180,188,0
500,473,243,179,186,0
501,466,247,178,184,0
502,459,251,176,182,0
503,452,254,175,180,0
504,445,258,173,178,0
505,438,262,172,176,0
506,431,266,171,174,0
507,426,267,171,174,0
508,422,268,171,174,0
509,417,270,171,174,0
510,413,271,171,174,0
511,408,272,171,174,0
512,404,274,171,174,0
513,399,275,171,174,0
514,395,277,171,174,0
515,385,280,170,172,0
516,376,283,169,170,0
517,367,286,167,168,0
518,357,289,167,167,0
519,348,292,165,165,0
520,339,295,164,163,0
521,330,298,163,162,0
522,317,297,163,162,0
523,304,296,163,162,0
524,291,296,163,162,0
525,278,295,163,162,0
526,265,295,163,162,0
527,252,294,163,162,0
528,239,294,163,162,0
529,226,293,163,162,0
530,214,292,163,162,0
531,202,291,163,162,0
532,189,291,163,162,0
533,177,290,163,162,0
534,165,289,163,162,0
535,153,289,163,162,0
536,157,288,161,162,0
537,161,287,159,162,0
538,165,286,158,162,0
539,169,285,156,163,0
540,173,284,155,163,0
541,177,283,153,163,0
542,182,283,151,163,0
543,179,286,151,160,0
544,176,290,151,157,0
545,173,294,151,154,0
546,171,298,151,151,0
547,168,302,151,148,0
548,165,306,151,145,0
549,163,310,151,142,0
550,160,317,151,140,0
551,157,324,151,138,0
552,155,331,151,136,0
553,152,338,151,134,0
554,150,345,151,132,0
555,147,352,151,130,0
556,145,360,151,127,0
557,154,365,151,127,0
558,163,371,151,126,0
559,172,376,151,126,0
560,181,382,151,125,0
561,190,387,151,125,0
562,199,393,151,124,0
563,208,399,151,123,0
564,216,405,153,118,0
565,225,411,155,113,0
566,234,417,156,108,0
567,243,424,158,102,0
568,245,423,158,100,0
569,248,423,158,98,0
570,251,422,158,97,0
571,254,422,158,95,0
572,257,421,158,94,0
573,260,421,158,92,0
574,263,419,158,90,0
575,266,418,158,88,0
576,269,416,158,87,0
577,272,415,158,85,0
578,276,414,158,83,0
579,286,411,158,83,0
580,297,409,158,83,0
581,308,406,158,83,0
582,318,404,158,83,0
583,329,401,158,83,0
584,340,399,158,83,0
585,351,399,158,81,0
586,362,399,159,79,0
587,374,400,158,76,0
588,385,400,159,74,0
589,397,401,159,72,0
590,398,402,159,72,0
591,399,404,159,72,0
592,400,406,160,72,0
593,401,407,160,72,0
594,402,409,160,72,0
595,404,411,160,72,0
596,404,411,160,72,0
597,405,411,160,72,0
598,406,412,160,72,0
599,406,412,160,72,0
600,407,412,160,72,0