1,551,286,111,146,0
2,550,285,111,146,0
3,549,284,111,146,0
4,549,283,111,146,0
5,548,283,111,145,0
6,548,282,110,145,0
7,547,281,111,145,0
8,546,280,111,145,0
9,546,280,110,144,0
10,545,279,111,144,0
11,545,278,110,144,0
12,544,277,111,144,0
13,543,277,111,143,0
14,543,276,110,143,0
15,542,275,111,143,0
16,542,275,110,142,0
17,541,274,110,142,0
18,540,273,111,142,0
19,540,272,110,142,0
20,539,272,110,141,0
21,539,271,110,141,0
22,538,270,110,141,0
23,537,269,111,141,0
24,537,269,110,140,0
25,536,268,110,140,0
26,536,267,110,140,0
27,535,266,110,140,0
28,534,266,110,139,0
29,534,265,110,139,0
30,533,264,110,139,0
31,533,264,110,138,0
32,531,263,110,138,0
33,530,263,110,138,0
34,528,262,111,138,0
35,527,262,111,138,0
36,525,261,112,138,0
37,524,261,111,138,0
38,522,260,112,138,0
39,521,260,112,138,0
40,519,260,113,137,0
41,518,259,113,138,0
42,516,259,113,137,0
43,515,258,113,138,0
44,513,258,114,137,0
45,512,257,114,138,0
46,510,257,115,137,0
47,509,257,114,137,0
48,507,256,115,137,0
49,506,256,115,137,0
50,504,255,116,137,0
51,503,255,116,137,0
52,501,254,116,137,0
53,500,254,116,137,0
54,498,254,117,136,0
55,497,253,117,137,0
56,495,253,118,136,0
57,494,252,117,137,0
58,492,252,118,136,0
59,491,251,118,137,0
60,489,251,119,136,0
61,488,251,119,136,0
62,487,251,119,136,0
63,487,252,119,135,0
64,486,252,119,136,0
65,486,253,119,135,0
66,486,253,119,136,0
67,485,254,119,135,0
68,485,254,119,136,0
69,485,255,119,135,0
70,484,255,119,136,0
71,484,256,119,135,0
72,483,256,119,136,0
73,483,257,119,135,0
74,483,257,119,136,0
75,482,258,119,135,0
76,482,258,119,136,0
77,482,259,119,135,0
78,481,259,119,135,0
79,481,260,119,135,0
80,481,260,119,135,0
81,480,261,119,135,0
82,480,261,119,135,0
83,479,262,119,135,0
84,479,262,119,135,0
85,479,263,119,135,0
86,478,263,119,135,0
87,478,264,119,135,0
88,478,264,119,135,0
89,477,265,119,135,0
90,477,265,119,135,0
91,477,266,119,135,0
92,476,265,119,135,0
93,476,265,119,135,0
94,476,265,119,135,0
95,476,265,119,135,0
96,475,265,119,135,0
97,475,265,119,135,0
98,475,265,119,135,0
99,475,265,119,135,0
100,474,265,119,135,0
101,474,265,119,135,0
102,474,264,119,135,0
103,474,264,119,135,0
104,473,264,119,135,0
105,473,264,119,135,0
106,473,264,119,135,0
107,473,264,119,135,0
108,473,264,119,135,0
109,472,264,119,135,0
110,472,264,119,135,0
111,472,264,119,135,0
112,472,263,119,135,0
113,471,263,119,135,0
114,471,263,119,135,0
115,471,263,119,135,0
116,471,263,119,135,0
117,470,263,119,135,0
118,470,263,119,135,0
119,470,263,119,135,0
120,470,263,119,135,0
121,470,263,119,135,0
122,470,262,119,135,0
123,470,261,119,135,0
124,471,261,118,134,0
125,471,260,118,134,0
126,472,260,117,133,0
127,472,259,117,133,0
128,472,258,117,133,0
129,473,258,117,133,0
130,473,257,117,133,0
131,474,257,116,132,0
132,474,256,116,132,0
133,474,255,116,132,0
134,475,255,115,131,0
135,475,254,115,131,0
136,476,254,115,131,0
137,476,253,115,131,0
138,476,252,115,131,0
139,477,252,114,130,0
140,477,251,114,130,0
141,478,251,113,129,0
142,478,250,113,129,0
143,478,249,113,129,0
144,479,249,113,129,0
145,479,248,113,129,0
146,480,248,112,128,0
147,480,247,112,128,0
148,480,246,112,128,0
149,481,246,111,127,0
150,481,245,111,127,0
151,482,245,111,127,0
152,483,244,110,127,0
153,484,244,110,127,0
154,485,244,110,127,0
155,486,244,110,127,0
156,487,244,110,127,0
157,488,244,109,126,0
158,489,244,109,126,0
159,490,244,109,126,0
160,492,243,108,127,0
161,493,243,108,127,0
162,494,243,108,127,0
163,495,243,107,126,0
164,496,243,107,126,0
165,497,243,107,126,0
166,498,243,107,126,0
167,499,243,107,126,0
168,501,243,106,126,0
169,500,243,106,126,0
170,499,244,106,126,0
171,499,244,105,126,0
172,498,245,105,126,0
173,497,245,105,126,0
174,497,246,104,126,0
175,496,246,104,126,0
176,496,247,103,126,0
177,495,247,103,126,0
178,494,248,103,126,0
179,494,248,102,126,0
180,493,249,102,126,0
181,493,250,102,126,0
182,493,250,102,126,0
183,493,250,102,126,0
184,493,250,102,126,0
185,493,251,102,126,0
186,493,251,102,126,0
187,493,251,102,126,0
188,493,251,102,126,0
189,494,252,102,126,0
190,494,252,102,126,0
191,494,252,102,126,0
192,494,252,102,126,0
193,494,253,102,126,0
194,494,253,102,126,0
195,494,253,102,126,0
196,494,253,102,126,0
197,495,254,102,126,0
198,495,254,102,126,0
199,495,254,102,126,0
200,495,254,102,126,0
201,495,255,102,126,0
202,495,255,102,126,0
203,495,255,102,126,0
204,495,255,102,126,0
205,496,256,102,126,0
206,496,256,102,126,0
207,496,256,102,126,0
208,496,256,102,126,0
209,496,257,102,126,0
210,496,257,102,126,0
211,496,257,102,126,0
212,497,258,102,126,0
213,498,257,101,126,0
214,499,257,100,126,0
215,500,256,99,126,0
216,501,256,98,126,0
217,502,256,97,125,0
218,503,255,96,126,0
219,504,255,95,126,0
220,505,255,95,125,0
221,506,254,94,126,0
222,507,254,93,125,0
223,508,254,92,125,0
224,509,253,91,126,0
225,510,253,90,125,0
226,511,253,89,125,0
227,513,252,88,125,0
228,514,252,87,125,0
229,515,252,86,124,0
230,516,251,85,125,0
231,517,251,84,125,0
232,518,251,83,124,0
233,519,250,82,125,0
234,520,250,82,124,0
235,521,250,81,124,0
236,522,249,80,125,0
237,523,249,79,124,0
238,524,249,78,124,0
239,525,248,77,124,0
240,526,248,76,124,0
241,528,248,75,124,0
242,530,247,74,124,0
243,533,247,73,124,0
244,536,246,72,124,0
245,538,246,72,124,0
246,541,246,71,123,0
247,544,245,70,124,0
248,546,245,70,124,0
249,549,245,69,123,0
250,552,244,68,124,0
251,554,244,68,123,0
252,557,244,67,123,0
253,560,243,65,124,0
254,562,243,65,123,0
255,565,242,64,124,0
256,568,242,63,123,0
257,570,242,63,123,0
258,573,241,62,124,0
259,576,241,61,123,0
260,578,241,61,123,0
261,581,240,60,123,0
262,584,240,59,123,0
263,587,240,58,123,0
264,588,240,58,123,0
265,589,240,58,123,0
266,590,240,58,123,0
267,591,240,58,123,0
268,592,240,58,123,0
269,593,240,58,123,0
270,595,240,58,123,0
271,596,240,58,123,0
272,597,240,58,123,0
273,598,240,58,123,0
274,599,240,58,123,0
275,600,240,58,123,0
276,602,240,58,123,0
277,603,240,58,123,0
278,604,240,58,123,0
279,605,240,58,123,0
280,606,240,58,123,0
281,607,240,58,123,0
282,609,240,58,123,0
283,608,240,58,123,0
284,608,241,58,123,0
285,608,242,58,123,0
286,608,243,58,123,0
287,608,243,58,123,0
288,608,244,58,123,0
289,608,245,58,123,0
290,608,246,58,123,0
291,607,246,59,123,0
292,607,247,59,123,0
293,607,248,59,123,0
294,607,249,59,123,0
295,607,249,58,123,0
296,607,250,58,123,0
297,607,251,58,123,0
298,607,252,58,123,0
299,606,252,59,123,0
300,606,253,59,123,0
301,606,254,59,123,0
302,606,255,59,123,0
303,606,255,59,123,0
304,606,256,59,123,0
305,606,257,59,123,0
306,606,258,59,123,0
307,606,259,59,123,0
308,606,259,59,123,0
309,606,260,59,123,0
310,606,261,59,123,0
311,606,261,59,123,0
312,606,262,59,123,0
313,606,263,59,123,0
314,606,263,59,123,0
315,606,264,59,123,0
316,606,265,59,123,0
317,606,265,59,123,0
318,606,266,59,123,0
319,606,267,59,123,0
320,606,267,59,123,0
321,607,268,59,123,0
322,607,269,59,123,0
323,607,269,59,123,0
324,607,270,59,123,0
325,607,271,59,123,0
326,607,271,59,123,0
327,607,272,59,123,0
328,607,273,59,123,0
329,607,273,59,123,0
330,607,274,59,123,0
331,607,275,59,123,0
332,607,275,59,123,0
333,607,276,59,123,0
334,608,277,59,123,0
335,607,277,59,123,0
336,607,277,59,123,0
337,607,277,59,123,0
338,607,277,59,123,0
339,607,277,58,123,0
340,607,277,58,123,0
341,607,278,58,123,0
342,607,278,58,123,0
343,607,278,57,123,0
344,607,278,57,123,0
345,607,278,57,123,0
346,607,278,57,123,0
347,606,279,57,123,0
348,606,279,57,123,0
349,606,279,57,123,0
350,606,279,57,123,0
351,606,279,56,123,0
352,606,279,56,123,0
353,606,280,56,123,0
354,606,280,56,123,0
355,606,280,55,123,0
356,606,280,55,123,0
357,606,280,55,123,0
358,606,280,55,123,0
359,606,281,55,123,0
360,606,280,55,123,0
361,607,280,55,123,0
362,607,280,55,123,0
363,608,279,55,123,0
364,608,279,55,123,0
365,609,279,55,123,0
366,609,278,55,123,0
367,610,278,55,123,0
368,610,278,55,123,0
369,611,277,55,123,0
370,611,277,55,123,0
371,612,277,55,123,0
372,612,276,55,123,0
373,613,276,55,123,0
374,614,276,55,123,0
375,614,275,55,123,0
376,615,275,55,123,0
377,615,275,55,123,0
378,616,274,55,123,0
379,616,274,55,123,0
380,617,274,55,123,0
381,617,273,55,123,0
382,618,273,55,123,0
383,618,273,55,123,0
384,619,272,55,123,0
385,619,272,55,123,0
386,620,272,55,123,0
387,620,271,55,123,0
388,621,271,55,123,0
389,622,271,55,123,0
390,623,270,55,123,0
391,624,270,55,123,0
392,625,270,55,123,0
393,626,270,55,123,0
394,627,270,55,122,0
395,628,270,55,122,0
396,629,270,55,122,0
397,630,270,55,122,0
398,631,270,55,121,0
399,632,270,55,121,0
400,634,270,54,121,0
401,635,269,54,122,0
402,636,269,54,122,0
403,637,269,54,121,0
404,638,269,54,121,0
405,639,269,54,121,0
406,640,269,54,121,0
407,641,269,54,120,0
408,642,269,54,120,0
409,643,269,54,120,0
410,644,269,54,120,0
411,646,269,54,120,0
412,645,268,54,120,0
413,645,268,54,120,0
414,645,268,54,120,0
415,645,268,54,120,0
416,644,268,55,120,0
417,644,268,55,120,0
418,644,268,54,120,0
419,644,268,54,120,0
420,644,268,54,120,0
421,643,267,55,120,0
422,643,267,55,120,0
423,643,267,55,120,0
424,643,267,54,120,0
425,643,267,54,120,0
426,642,267,55,120,0
427,642,267,55,120,0
428,642,267,55,120,0
429,642,267,55,120,0
430,642,267,55,120,0
431,641,267,55,120,0
432,641,267,55,120,0
433,640,267,55,120,0
434,640,267,55,120,0
435,640,267,55,120,0
436,639,267,55,120,0
437,639,267,55,120,0
438,639,267,55,120,0
439,638,267,55,120,0
440,638,267,55,120,0
441,638,267,55,120,0
442,637,267,55,120,0
443,637,267,55,120,0
444,637,267,55,120,0
445,636,267,55,120,0
446,636,268,55,120,0
447,636,268,55,120,0
448,635,268,55,120,0
449,635,268,55,120,0
450,635,268,55,120,0
451,634,268,55,120,0
452,634,268,55,120,0
453,634,268,55,120,0
454,633,268,55,120,0
455,633,268,55,120,0
456,633,268,55,120,0
457,632,268,55,120,0
458,632,268,55,120,0
459,632,268,55,120,0
460,631,268,55,120,0
461,631,268,55,120,0
462,631,269,55,120,0
463,631,269,55,119,0
464,631,269,55,119,0
465,632,269,55,119,0
466,632,269,55,119,0
467,633,269,55,119,0
468,633,269,55,119,0
469,634,269,55,119,0
470,634,269,55,119,0
471,635,269,55,119,0
472,635,269,55,119,0
473,636,269,55,119,0
474,636,269,55,119,0
475,637,269,55,119,0
476,637,269,55,119,0
477,638,269,55,119,0
478,638,269,55,119,0
479,639,269,55,119,0
480,639,269,55,119,0
481,640,269,55,119,0
482,640,269,55,119,0
483,641,269,55,119,0
484,641,269,55,119,0
485,642,269,55,119,0
486,642,269,55,119,0
487,643,269,55,119,0
488,642,269,55,119,0
489,641,269,56,119,0
490,641,269,55,119,0
491,640,269,56,119,0
492,640,269,55,119,0
493,639,269,56,119,0
494,639,269,55,119,0
495,638,269,56,119,0
496,638,269,55,119,0
497,637,269,56,119,0
498,637,269,55,119,0
499,636,269,56,119,0
500,635,269,56,119,0
501,635,269,56,119,0
502,634,269,56,119,0
503,634,269,56,119,0
504,633,269,56,119,0
505,633,269,56,119,0
506,632,269,56,119,0
507,632,269,56,119,0
508,631,269,56,119,0
509,631,270,56,119,0
510,632,270,56,119,0
511,633,271,56,119,0
512,635,271,56,119,0
513,636,272,56,119,0
514,638,272,56,119,0
515,639,273,56,119,0
516,641,274,56,119,0
517,642,274,56,119,0
518,644,275,56,119,0
519,645,275,56,119,0
520,647,276,56,119,0
521,648,276,56,119,0
522,650,277,56,119,0
523,651,278,56,119,0
524,653,278,56,119,0
525,654,279,56,119,0
526,656,279,56,119,0
527,657,280,56,119,0
528,659,280,56,119,0
529,660,281,56,119,0
530,662,282,56,119,0
531,665,282,56,119,0
532,668,282,57,119,0
533,672,282,57,119,0
534,675,282,58,119,0
535,679,283,58,119,0
536,679,282,58,119,0
537,680,282,57,119,0
538,681,281,57,119,0
539,681,281,57,119,0
540,682,281,57,119,0
541,683,280,56,119,0
542,683,280,57,119,0
543,684,279,56,119,0
544,685,279,56,119,0
545,685,279,56,119,0
546,686,278,56,119,0
547,687,278,55,119,0
548,688,278,55,119,0
549,688,277,55,119,0
550,688,276,55,119,0
551,689,276,55,119,0
552,689,275,55,119,0
553,690,274,55,119,0
554,690,274,55,119,0
555,690,273,55,119,0
556,691,272,55,119,0
557,691,272,55,119,0
558,692,271,55,119,0
559,692,270,55,119,0
560,692,270,55,119,0
561,693,269,55,119,0
562,693,268,55,119,0
563,694,268,55,119,0
564,694,267,55,119,0
565,694,266,55,119,0
566,695,266,55,119,0
567,695,265,55,119,0
568,696,265,55,119,0
569,695,265,55,119,0
570,694,265,55,119,0
571,694,265,55,119,0
572,693,265,55,119,0
573,693,266,55,119,0
574,692,266,55,119,0
575,692,266,55,119,0
576,691,266,55,119,0
577,691,266,55,119,0
578,690,267,55,119,0
579,690,267,55,119,0
580,689,267,55,119,0
581,688,267,55,119,0
582,688,267,55,119,0
583,687,268,55,119,0
584,687,268,55,119,0
585,686,268,55,119,0
586,686,268,55,119,0
587,685,268,55,119,0
588,685,269,55,119,0
589,684,269,55,119,0
590,684,269,55,119,0
591,683,269,55,119,0
592,683,270,55,119,0
593,682,270,55,119,0
594,682,270,54,119,0
595,681,270,54,119,0
596,681,270,53,119,0
597,680,270,53,119,0
598,680,270,52,119,0
599,679,270,52,119,0
600,679,270,51,119,0